PPN
156686674X
444407804
444407804
443431515
443431515
443195072
443068410
418508224
418508224
417906641
417013655
416031730
146398750
54655959X
54655959X
520918770
520918770
520918770
520918657
418518351
41779875X
41779875X
410982822
65748832
420415971
417964129
416866247
416866247
309366836
241902037
141153547
149763699X
422153176
422153176
418806837
41851836X
418479593
418479593
418479593
417964137
417729626
41696334X
41696334X
416239684
245416218
245416218
420415963
418530521
418492913
418455236
41845521X
41845521X
418455198
417965419
417057431
180865439
141153474
141153474
445697091
42104375X
417945426
417538111
416680380
416680380
416066674
41564464X
41564464X
146398580
141154446
444415556
421059311
418636451
418636451
41770920X
41020787X
41020787X
499153057
449219674
445263040
416706266
415672902
410078816
14115344X
684840189
418690464
418530874
418530874
418453411
418450854
417914776
416240135
231447671
231447671
66220084
43788009
43788009
485489988
418450862
280299281
141153415
417704410
417704410
41766298X
416706258
416706258
195337026
168584859
443831424
418621845
418621845
168562928
168562928
168562928
141154403
141154403
168594870
168562731
417757131
416962866
408355514
35297866X
415693632
141154268
141154268
141154195
141154195
415728169
665585853
420330895
416665608
146400089
137151470
137151470
137151470
442505523
442505523
420366741
420366741
416866263
415555892
280130600
141154101
444525459
430091362
417895879
416995691
416909337
416909337
416043380
313427453
313427453
313427453
195343735
195343735
195343735
141154071
141154071
141154071
141154063
141154063
141154063
41845342X
417022913
415652286
404054013
331672375
269679251
234677732
141154055
43240838X
419085912
416919758
416919758
416250572
412916479
412916479
24934212X
24934212X
24934212X
241903653
146378407
141579498
14115408X
14115408X
141154047
140407030
140407030
140407030
30168244
30168244
02128041X
443616310
420327703
420327703
416740766
41603148X
329185985
309327229
303828994
303828587
243968841
243968841
138775486
138775486
137151276
137151276
65913582
418459029
418459029
417693680
417693680
416043372
313062412
313062412
237527588
237527588
167566555
167566555
141153989
141153989
141153989
65753496
65753496
65753496
421043784
421043741
417678851
415491185
314293809
195343700
195343700
195343700
141153954
141153954
141153954
141153946
141153946
141153318
141153318
06828537X
583349447
437723895
437594807
436952769
436952769
433842229
333311477
333311477
333311477
333311477
223702315
223702315
195747720
195747720
195747720
16947061X
506827100
443509999
43758819X
436934035
436934035
427365570
427365570
427365570
417246919
417246919
404059287
393209474
379795582
223697001
141579218
42927854
437683532
437619842
436920409
434548642
434215511
278319661
169409708
141153865
141153865
141153857
141153857
1826585095
437703231
437703231
437703231
434594784
434395528
234553367
234553367
167629603
436778416
433814365
316315109
316315109
316315109
169470598
169470598
436778424
436778424
434354147
402331931
195747712
195747712
141153830
141153830
141153253
41054759X
43681191X
169409325
135458552
433919876
141153814
13526278X
13526278X
437584283
434354155
225994739
225994739
225994739
225994739
436753014
42924830X
412633647
242281079
195343786
195343786
141153792
141153792
141153792
135263042
135263042
135263042
135263042
403976324
403976243
379798573
135461405
135461405
66338174
66338174
437669564
436950405
168739984
14115375X
14115375X
434597325
434348945
198572719
198572719
198572719
198572719
450169960
450169960
450169960
437600491
437600491
403808480
313345961
269597565
269597565
267440235
267440235
187009481
187009481
187009481
141153741
141153741
141153741
437709388
43681143X
434360074
475275829
449580334
437522024
437522024
436974290
436974290
436974290
434649309
434649309
146355776
146355776
141153717
141153717
141153717
67334830
67334830
67334830
437661873
433831529
433831529
141153709
141153709
141153709
13526300X
13526300X
13526300X
45006882X
45006882X
43763311X
437591018
437591018
436811413
434616494
434109126
434109126
434109126
434109126
433832770
253492912
253492912
253492912
141153687
141153687
141153687
556665686
433916036
432781463
413052710
240762983
240762983
240762983
223626414
45485515X
437669750
65449177
65449177
605813302
437669742
437669742
437578518
434483117
434483117
433955880
376661275
376661275
